01001000
00000001
00000000
00000101

00001000
00000010
11111111
11111101

00000000
00100010
00011000
00000000

01100000
01100000
00100000
10000000

11101000
00000000
00000000
00001101

11000100
00000110
00000000
00000000

10011100
11000101
00111000
00000000

11010000
00000111
00000000
00000001

11111100
00000000
00000000
00000000

10011100
10100110
00111000
00000000

11010000
00000111
00000000
00000001

01000100
00100011
01000000
00000000

11100000
00000000
00000000
00010000

00000100
10000001
00101000
00000000

11000000
00000100
00000000
00000000

11100111
11100000
00000000
00000000

01000000
11001000
01001000
00000000

10000001
00100000
01010000
00000000

11111100
00000000
00000000
00000000

